{
 "cells": [
  {
   "cell_type": "code",
   "execution_count": 1,
   "metadata": {},
   "outputs": [],
   "source": [
    "import numpy as np\n",
    "import pandas as pd\n",
    "import matplotlib.pyplot as plt\n",
    "from sklearn.neighbors import kneighbors_graph\n",
    "from scipy.sparse.csgraph import dijkstra\n",
    "pd.set_option('display.max_columns', None)\n",
    "from sklearn.datasets import load_digits\n",
    "from scipy.spatial import distance_matrix\n",
    "from sklearn.datasets import load_digits\n",
    "import scipy.io\n"
   ]
  },
  {
   "cell_type": "code",
   "execution_count": 2,
   "metadata": {},
   "outputs": [],
   "source": [
    "distance = pd.read_excel(\"distances.xlsx\", index_col=0)"
   ]
  },
  {
   "cell_type": "code",
   "execution_count": 3,
   "metadata": {},
   "outputs": [
    {
     "data": {
      "text/html": [
       "<div>\n",
       "<style scoped>\n",
       "    .dataframe tbody tr th:only-of-type {\n",
       "        vertical-align: middle;\n",
       "    }\n",
       "\n",
       "    .dataframe tbody tr th {\n",
       "        vertical-align: top;\n",
       "    }\n",
       "\n",
       "    .dataframe thead th {\n",
       "        text-align: right;\n",
       "    }\n",
       "</style>\n",
       "<table border=\"1\" class=\"dataframe\">\n",
       "  <thead>\n",
       "    <tr style=\"text-align: right;\">\n",
       "      <th></th>\n",
       "      <th>Ahvaz</th>\n",
       "      <th>Arak</th>\n",
       "      <th>Ardabil</th>\n",
       "      <th>Bandar Abbas</th>\n",
       "      <th>Birjand</th>\n",
       "      <th>Bojnord</th>\n",
       "      <th>Bushehr</th>\n",
       "      <th>Gorgan</th>\n",
       "      <th>Hamadan</th>\n",
       "      <th>Ilam</th>\n",
       "      <th>Isfahan</th>\n",
       "      <th>Karaj</th>\n",
       "      <th>Kerman</th>\n",
       "      <th>Kermanshah</th>\n",
       "      <th>Khorramabad</th>\n",
       "      <th>Mashhad</th>\n",
       "      <th>Qazvin</th>\n",
       "      <th>Qom</th>\n",
       "      <th>Rasht</th>\n",
       "      <th>Sanandaj</th>\n",
       "      <th>Sari</th>\n",
       "      <th>Semnan</th>\n",
       "      <th>Shahr-e Kord</th>\n",
       "      <th>Shiraz</th>\n",
       "      <th>Tabriz</th>\n",
       "      <th>Tehran</th>\n",
       "      <th>Urmia</th>\n",
       "      <th>Yasuj</th>\n",
       "      <th>Yazd</th>\n",
       "      <th>Zahedan</th>\n",
       "      <th>Zanjan</th>\n",
       "    </tr>\n",
       "  </thead>\n",
       "  <tbody>\n",
       "    <tr>\n",
       "      <th>Ahvaz</th>\n",
       "      <td>0</td>\n",
       "      <td>507</td>\n",
       "      <td>1202</td>\n",
       "      <td>1126</td>\n",
       "      <td>1352</td>\n",
       "      <td>1466</td>\n",
       "      <td>446</td>\n",
       "      <td>1159</td>\n",
       "      <td>557</td>\n",
       "      <td>434</td>\n",
       "      <td>510</td>\n",
       "      <td>787</td>\n",
       "      <td>1087</td>\n",
       "      <td>518</td>\n",
       "      <td>330</td>\n",
       "      <td>1603</td>\n",
       "      <td>793</td>\n",
       "      <td>636</td>\n",
       "      <td>954</td>\n",
       "      <td>642</td>\n",
       "      <td>1025</td>\n",
       "      <td>920</td>\n",
       "      <td>464</td>\n",
       "      <td>520</td>\n",
       "      <td>1150</td>\n",
       "      <td>780</td>\n",
       "      <td>1050</td>\n",
       "      <td>416</td>\n",
       "      <td>805</td>\n",
       "      <td>1581</td>\n",
       "      <td>862</td>\n",
       "    </tr>\n",
       "    <tr>\n",
       "      <th>Arak</th>\n",
       "      <td>507</td>\n",
       "      <td>0</td>\n",
       "      <td>732</td>\n",
       "      <td>1269</td>\n",
       "      <td>1152</td>\n",
       "      <td>963</td>\n",
       "      <td>946</td>\n",
       "      <td>655</td>\n",
       "      <td>189</td>\n",
       "      <td>465</td>\n",
       "      <td>327</td>\n",
       "      <td>283</td>\n",
       "      <td>974</td>\n",
       "      <td>293</td>\n",
       "      <td>177</td>\n",
       "      <td>1099</td>\n",
       "      <td>313</td>\n",
       "      <td>133</td>\n",
       "      <td>484</td>\n",
       "      <td>360</td>\n",
       "      <td>521</td>\n",
       "      <td>417</td>\n",
       "      <td>285</td>\n",
       "      <td>754</td>\n",
       "      <td>748</td>\n",
       "      <td>276</td>\n",
       "      <td>716</td>\n",
       "      <td>558</td>\n",
       "      <td>616</td>\n",
       "      <td>1467</td>\n",
       "      <td>460</td>\n",
       "    </tr>\n",
       "    <tr>\n",
       "      <th>Ardabil</th>\n",
       "      <td>1202</td>\n",
       "      <td>732</td>\n",
       "      <td>0</td>\n",
       "      <td>1813</td>\n",
       "      <td>1592</td>\n",
       "      <td>1060</td>\n",
       "      <td>1476</td>\n",
       "      <td>752</td>\n",
       "      <td>563</td>\n",
       "      <td>916</td>\n",
       "      <td>881</td>\n",
       "      <td>529</td>\n",
       "      <td>1518</td>\n",
       "      <td>744</td>\n",
       "      <td>788</td>\n",
       "      <td>1318</td>\n",
       "      <td>421</td>\n",
       "      <td>647</td>\n",
       "      <td>255</td>\n",
       "      <td>547</td>\n",
       "      <td>618</td>\n",
       "      <td>792</td>\n",
       "      <td>980</td>\n",
       "      <td>1357</td>\n",
       "      <td>217</td>\n",
       "      <td>573</td>\n",
       "      <td>357</td>\n",
       "      <td>1191</td>\n",
       "      <td>1160</td>\n",
       "      <td>2011</td>\n",
       "      <td>262</td>\n",
       "    </tr>\n",
       "    <tr>\n",
       "      <th>Bandar Abbas</th>\n",
       "      <td>1126</td>\n",
       "      <td>1269</td>\n",
       "      <td>1813</td>\n",
       "      <td>0</td>\n",
       "      <td>1043</td>\n",
       "      <td>1487</td>\n",
       "      <td>741</td>\n",
       "      <td>1659</td>\n",
       "      <td>1419</td>\n",
       "      <td>1598</td>\n",
       "      <td>969</td>\n",
       "      <td>1300</td>\n",
       "      <td>488</td>\n",
       "      <td>1467</td>\n",
       "      <td>1287</td>\n",
       "      <td>1400</td>\n",
       "      <td>1392</td>\n",
       "      <td>1144</td>\n",
       "      <td>1570</td>\n",
       "      <td>1588</td>\n",
       "      <td>1525</td>\n",
       "      <td>1407</td>\n",
       "      <td>967</td>\n",
       "      <td>579</td>\n",
       "      <td>1808</td>\n",
       "      <td>1280</td>\n",
       "      <td>1949</td>\n",
       "      <td>751</td>\n",
       "      <td>659</td>\n",
       "      <td>719</td>\n",
       "      <td>1520</td>\n",
       "    </tr>\n",
       "    <tr>\n",
       "      <th>Birjand</th>\n",
       "      <td>1352</td>\n",
       "      <td>1152</td>\n",
       "      <td>1592</td>\n",
       "      <td>1043</td>\n",
       "      <td>0</td>\n",
       "      <td>762</td>\n",
       "      <td>1343</td>\n",
       "      <td>934</td>\n",
       "      <td>1303</td>\n",
       "      <td>1484</td>\n",
       "      <td>855</td>\n",
       "      <td>1178</td>\n",
       "      <td>561</td>\n",
       "      <td>1412</td>\n",
       "      <td>1232</td>\n",
       "      <td>504</td>\n",
       "      <td>1282</td>\n",
       "      <td>1028</td>\n",
       "      <td>1336</td>\n",
       "      <td>1471</td>\n",
       "      <td>978</td>\n",
       "      <td>914</td>\n",
       "      <td>955</td>\n",
       "      <td>1060</td>\n",
       "      <td>1747</td>\n",
       "      <td>1136</td>\n",
       "      <td>1888</td>\n",
       "      <td>1002</td>\n",
       "      <td>630</td>\n",
       "      <td>450</td>\n",
       "      <td>1459</td>\n",
       "    </tr>\n",
       "    <tr>\n",
       "      <th>Bojnord</th>\n",
       "      <td>1466</td>\n",
       "      <td>963</td>\n",
       "      <td>1060</td>\n",
       "      <td>1487</td>\n",
       "      <td>762</td>\n",
       "      <td>0</td>\n",
       "      <td>1716</td>\n",
       "      <td>305</td>\n",
       "      <td>1006</td>\n",
       "      <td>1359</td>\n",
       "      <td>1119</td>\n",
       "      <td>730</td>\n",
       "      <td>1003</td>\n",
       "      <td>1187</td>\n",
       "      <td>1134</td>\n",
       "      <td>258</td>\n",
       "      <td>834</td>\n",
       "      <td>827</td>\n",
       "      <td>800</td>\n",
       "      <td>1175</td>\n",
       "      <td>437</td>\n",
       "      <td>536</td>\n",
       "      <td>1221</td>\n",
       "      <td>1593</td>\n",
       "      <td>1299</td>\n",
       "      <td>687</td>\n",
       "      <td>1440</td>\n",
       "      <td>1431</td>\n",
       "      <td>983</td>\n",
       "      <td>1206</td>\n",
       "      <td>1011</td>\n",
       "    </tr>\n",
       "    <tr>\n",
       "      <th>Bushehr</th>\n",
       "      <td>446</td>\n",
       "      <td>946</td>\n",
       "      <td>1476</td>\n",
       "      <td>741</td>\n",
       "      <td>1343</td>\n",
       "      <td>1716</td>\n",
       "      <td>0</td>\n",
       "      <td>1414</td>\n",
       "      <td>999</td>\n",
       "      <td>876</td>\n",
       "      <td>599</td>\n",
       "      <td>1032</td>\n",
       "      <td>854</td>\n",
       "      <td>960</td>\n",
       "      <td>772</td>\n",
       "      <td>1637</td>\n",
       "      <td>1061</td>\n",
       "      <td>880</td>\n",
       "      <td>1233</td>\n",
       "      <td>1084</td>\n",
       "      <td>1280</td>\n",
       "      <td>1162</td>\n",
       "      <td>553</td>\n",
       "      <td>287</td>\n",
       "      <td>1497</td>\n",
       "      <td>1035</td>\n",
       "      <td>1492</td>\n",
       "      <td>292</td>\n",
       "      <td>723</td>\n",
       "      <td>1348</td>\n",
       "      <td>1209</td>\n",
       "    </tr>\n",
       "    <tr>\n",
       "      <th>Gorgan</th>\n",
       "      <td>1159</td>\n",
       "      <td>655</td>\n",
       "      <td>752</td>\n",
       "      <td>1659</td>\n",
       "      <td>934</td>\n",
       "      <td>305</td>\n",
       "      <td>1414</td>\n",
       "      <td>0</td>\n",
       "      <td>701</td>\n",
       "      <td>1054</td>\n",
       "      <td>814</td>\n",
       "      <td>425</td>\n",
       "      <td>1359</td>\n",
       "      <td>882</td>\n",
       "      <td>828</td>\n",
       "      <td>565</td>\n",
       "      <td>529</td>\n",
       "      <td>522</td>\n",
       "      <td>495</td>\n",
       "      <td>869</td>\n",
       "      <td>131</td>\n",
       "      <td>339</td>\n",
       "      <td>915</td>\n",
       "      <td>1288</td>\n",
       "      <td>994</td>\n",
       "      <td>381</td>\n",
       "      <td>1135</td>\n",
       "      <td>1126</td>\n",
       "      <td>1000</td>\n",
       "      <td>1378</td>\n",
       "      <td>706</td>\n",
       "    </tr>\n",
       "    <tr>\n",
       "      <th>Hamadan</th>\n",
       "      <td>557</td>\n",
       "      <td>189</td>\n",
       "      <td>563</td>\n",
       "      <td>1419</td>\n",
       "      <td>1303</td>\n",
       "      <td>1006</td>\n",
       "      <td>999</td>\n",
       "      <td>701</td>\n",
       "      <td>0</td>\n",
       "      <td>360</td>\n",
       "      <td>508</td>\n",
       "      <td>319</td>\n",
       "      <td>1119</td>\n",
       "      <td>188</td>\n",
       "      <td>227</td>\n",
       "      <td>1198</td>\n",
       "      <td>239</td>\n",
       "      <td>274</td>\n",
       "      <td>400</td>\n",
       "      <td>175</td>\n",
       "      <td>568</td>\n",
       "      <td>516</td>\n",
       "      <td>459</td>\n",
       "      <td>948</td>\n",
       "      <td>597</td>\n",
       "      <td>319</td>\n",
       "      <td>530</td>\n",
       "      <td>726</td>\n",
       "      <td>760</td>\n",
       "      <td>1612</td>\n",
       "      <td>308</td>\n",
       "    </tr>\n",
       "    <tr>\n",
       "      <th>Ilam</th>\n",
       "      <td>434</td>\n",
       "      <td>465</td>\n",
       "      <td>916</td>\n",
       "      <td>1598</td>\n",
       "      <td>1484</td>\n",
       "      <td>1359</td>\n",
       "      <td>876</td>\n",
       "      <td>1054</td>\n",
       "      <td>360</td>\n",
       "      <td>0</td>\n",
       "      <td>630</td>\n",
       "      <td>669</td>\n",
       "      <td>1298</td>\n",
       "      <td>168</td>\n",
       "      <td>252</td>\n",
       "      <td>1548</td>\n",
       "      <td>589</td>\n",
       "      <td>624</td>\n",
       "      <td>750</td>\n",
       "      <td>295</td>\n",
       "      <td>918</td>\n",
       "      <td>866</td>\n",
       "      <td>594</td>\n",
       "      <td>948</td>\n",
       "      <td>738</td>\n",
       "      <td>670</td>\n",
       "      <td>702</td>\n",
       "      <td>845</td>\n",
       "      <td>940</td>\n",
       "      <td>1791</td>\n",
       "      <td>575</td>\n",
       "    </tr>\n",
       "    <tr>\n",
       "      <th>Isfahan</th>\n",
       "      <td>510</td>\n",
       "      <td>327</td>\n",
       "      <td>881</td>\n",
       "      <td>969</td>\n",
       "      <td>855</td>\n",
       "      <td>1119</td>\n",
       "      <td>599</td>\n",
       "      <td>814</td>\n",
       "      <td>508</td>\n",
       "      <td>630</td>\n",
       "      <td>0</td>\n",
       "      <td>434</td>\n",
       "      <td>669</td>\n",
       "      <td>559</td>\n",
       "      <td>379</td>\n",
       "      <td>1246</td>\n",
       "      <td>463</td>\n",
       "      <td>301</td>\n",
       "      <td>635</td>\n",
       "      <td>678</td>\n",
       "      <td>682</td>\n",
       "      <td>564</td>\n",
       "      <td>103</td>\n",
       "      <td>477</td>\n",
       "      <td>899</td>\n",
       "      <td>437</td>\n",
       "      <td>1040</td>\n",
       "      <td>313</td>\n",
       "      <td>311</td>\n",
       "      <td>1163</td>\n",
       "      <td>610</td>\n",
       "    </tr>\n",
       "    <tr>\n",
       "      <th>Karaj</th>\n",
       "      <td>787</td>\n",
       "      <td>283</td>\n",
       "      <td>529</td>\n",
       "      <td>1300</td>\n",
       "      <td>1178</td>\n",
       "      <td>730</td>\n",
       "      <td>1032</td>\n",
       "      <td>425</td>\n",
       "      <td>319</td>\n",
       "      <td>669</td>\n",
       "      <td>434</td>\n",
       "      <td>0</td>\n",
       "      <td>1004</td>\n",
       "      <td>501</td>\n",
       "      <td>457</td>\n",
       "      <td>949</td>\n",
       "      <td>103</td>\n",
       "      <td>167</td>\n",
       "      <td>280</td>\n",
       "      <td>488</td>\n",
       "      <td>298</td>\n",
       "      <td>266</td>\n",
       "      <td>534</td>\n",
       "      <td>933</td>\n",
       "      <td>568</td>\n",
       "      <td>47</td>\n",
       "      <td>709</td>\n",
       "      <td>745</td>\n",
       "      <td>645</td>\n",
       "      <td>1497</td>\n",
       "      <td>280</td>\n",
       "    </tr>\n",
       "    <tr>\n",
       "      <th>Kerman</th>\n",
       "      <td>1087</td>\n",
       "      <td>974</td>\n",
       "      <td>1518</td>\n",
       "      <td>488</td>\n",
       "      <td>561</td>\n",
       "      <td>1003</td>\n",
       "      <td>854</td>\n",
       "      <td>1359</td>\n",
       "      <td>1119</td>\n",
       "      <td>1298</td>\n",
       "      <td>669</td>\n",
       "      <td>1004</td>\n",
       "      <td>0</td>\n",
       "      <td>1228</td>\n",
       "      <td>1048</td>\n",
       "      <td>915</td>\n",
       "      <td>1094</td>\n",
       "      <td>846</td>\n",
       "      <td>1272</td>\n",
       "      <td>1290</td>\n",
       "      <td>1227</td>\n",
       "      <td>1109</td>\n",
       "      <td>770</td>\n",
       "      <td>569</td>\n",
       "      <td>1510</td>\n",
       "      <td>982</td>\n",
       "      <td>1651</td>\n",
       "      <td>719</td>\n",
       "      <td>361</td>\n",
       "      <td>507</td>\n",
       "      <td>1222</td>\n",
       "    </tr>\n",
       "    <tr>\n",
       "      <th>Kermanshah</th>\n",
       "      <td>518</td>\n",
       "      <td>293</td>\n",
       "      <td>744</td>\n",
       "      <td>1467</td>\n",
       "      <td>1412</td>\n",
       "      <td>1187</td>\n",
       "      <td>960</td>\n",
       "      <td>882</td>\n",
       "      <td>188</td>\n",
       "      <td>168</td>\n",
       "      <td>559</td>\n",
       "      <td>501</td>\n",
       "      <td>1228</td>\n",
       "      <td>0</td>\n",
       "      <td>189</td>\n",
       "      <td>1377</td>\n",
       "      <td>417</td>\n",
       "      <td>453</td>\n",
       "      <td>578</td>\n",
       "      <td>135</td>\n",
       "      <td>747</td>\n",
       "      <td>694</td>\n",
       "      <td>520</td>\n",
       "      <td>1008</td>\n",
       "      <td>579</td>\n",
       "      <td>498</td>\n",
       "      <td>542</td>\n",
       "      <td>786</td>\n",
       "      <td>865</td>\n",
       "      <td>1717</td>\n",
       "      <td>415</td>\n",
       "    </tr>\n",
       "    <tr>\n",
       "      <th>Khorramabad</th>\n",
       "      <td>330</td>\n",
       "      <td>177</td>\n",
       "      <td>788</td>\n",
       "      <td>1287</td>\n",
       "      <td>1232</td>\n",
       "      <td>1134</td>\n",
       "      <td>772</td>\n",
       "      <td>828</td>\n",
       "      <td>227</td>\n",
       "      <td>252</td>\n",
       "      <td>379</td>\n",
       "      <td>457</td>\n",
       "      <td>1048</td>\n",
       "      <td>189</td>\n",
       "      <td>0</td>\n",
       "      <td>1275</td>\n",
       "      <td>465</td>\n",
       "      <td>309</td>\n",
       "      <td>626</td>\n",
       "      <td>313</td>\n",
       "      <td>697</td>\n",
       "      <td>593</td>\n",
       "      <td>344</td>\n",
       "      <td>832</td>\n",
       "      <td>823</td>\n",
       "      <td>452</td>\n",
       "      <td>721</td>\n",
       "      <td>610</td>\n",
       "      <td>689</td>\n",
       "      <td>1541</td>\n",
       "      <td>535</td>\n",
       "    </tr>\n",
       "    <tr>\n",
       "      <th>Mashhad</th>\n",
       "      <td>1603</td>\n",
       "      <td>1099</td>\n",
       "      <td>1318</td>\n",
       "      <td>1400</td>\n",
       "      <td>504</td>\n",
       "      <td>258</td>\n",
       "      <td>1637</td>\n",
       "      <td>565</td>\n",
       "      <td>1198</td>\n",
       "      <td>1548</td>\n",
       "      <td>1246</td>\n",
       "      <td>949</td>\n",
       "      <td>915</td>\n",
       "      <td>1377</td>\n",
       "      <td>1275</td>\n",
       "      <td>0</td>\n",
       "      <td>1048</td>\n",
       "      <td>963</td>\n",
       "      <td>1058</td>\n",
       "      <td>1366</td>\n",
       "      <td>695</td>\n",
       "      <td>680</td>\n",
       "      <td>1346</td>\n",
       "      <td>1353</td>\n",
       "      <td>1513</td>\n",
       "      <td>902</td>\n",
       "      <td>1654</td>\n",
       "      <td>1295</td>\n",
       "      <td>923</td>\n",
       "      <td>949</td>\n",
       "      <td>1225</td>\n",
       "    </tr>\n",
       "    <tr>\n",
       "      <th>Qazvin</th>\n",
       "      <td>793</td>\n",
       "      <td>313</td>\n",
       "      <td>421</td>\n",
       "      <td>1392</td>\n",
       "      <td>1282</td>\n",
       "      <td>834</td>\n",
       "      <td>1061</td>\n",
       "      <td>529</td>\n",
       "      <td>239</td>\n",
       "      <td>589</td>\n",
       "      <td>463</td>\n",
       "      <td>103</td>\n",
       "      <td>1094</td>\n",
       "      <td>417</td>\n",
       "      <td>465</td>\n",
       "      <td>1048</td>\n",
       "      <td>0</td>\n",
       "      <td>230</td>\n",
       "      <td>175</td>\n",
       "      <td>407</td>\n",
       "      <td>399</td>\n",
       "      <td>367</td>\n",
       "      <td>564</td>\n",
       "      <td>941</td>\n",
       "      <td>469</td>\n",
       "      <td>148</td>\n",
       "      <td>610</td>\n",
       "      <td>774</td>\n",
       "      <td>735</td>\n",
       "      <td>1586</td>\n",
       "      <td>181</td>\n",
       "    </tr>\n",
       "    <tr>\n",
       "      <th>Qom</th>\n",
       "      <td>636</td>\n",
       "      <td>133</td>\n",
       "      <td>647</td>\n",
       "      <td>1144</td>\n",
       "      <td>1028</td>\n",
       "      <td>827</td>\n",
       "      <td>880</td>\n",
       "      <td>522</td>\n",
       "      <td>274</td>\n",
       "      <td>624</td>\n",
       "      <td>301</td>\n",
       "      <td>167</td>\n",
       "      <td>846</td>\n",
       "      <td>453</td>\n",
       "      <td>309</td>\n",
       "      <td>963</td>\n",
       "      <td>230</td>\n",
       "      <td>0</td>\n",
       "      <td>405</td>\n",
       "      <td>449</td>\n",
       "      <td>390</td>\n",
       "      <td>281</td>\n",
       "      <td>383</td>\n",
       "      <td>773</td>\n",
       "      <td>670</td>\n",
       "      <td>145</td>\n",
       "      <td>810</td>\n",
       "      <td>593</td>\n",
       "      <td>486</td>\n",
       "      <td>1338</td>\n",
       "      <td>381</td>\n",
       "    </tr>\n",
       "    <tr>\n",
       "      <th>Rasht</th>\n",
       "      <td>954</td>\n",
       "      <td>484</td>\n",
       "      <td>255</td>\n",
       "      <td>1570</td>\n",
       "      <td>1336</td>\n",
       "      <td>800</td>\n",
       "      <td>1233</td>\n",
       "      <td>495</td>\n",
       "      <td>400</td>\n",
       "      <td>750</td>\n",
       "      <td>635</td>\n",
       "      <td>280</td>\n",
       "      <td>1272</td>\n",
       "      <td>578</td>\n",
       "      <td>626</td>\n",
       "      <td>1058</td>\n",
       "      <td>175</td>\n",
       "      <td>405</td>\n",
       "      <td>0</td>\n",
       "      <td>567</td>\n",
       "      <td>362</td>\n",
       "      <td>546</td>\n",
       "      <td>734</td>\n",
       "      <td>1111</td>\n",
       "      <td>472</td>\n",
       "      <td>327</td>\n",
       "      <td>613</td>\n",
       "      <td>945</td>\n",
       "      <td>914</td>\n",
       "      <td>1765</td>\n",
       "      <td>199</td>\n",
       "    </tr>\n",
       "    <tr>\n",
       "      <th>Sanandaj</th>\n",
       "      <td>642</td>\n",
       "      <td>360</td>\n",
       "      <td>547</td>\n",
       "      <td>1588</td>\n",
       "      <td>1471</td>\n",
       "      <td>1175</td>\n",
       "      <td>1084</td>\n",
       "      <td>869</td>\n",
       "      <td>175</td>\n",
       "      <td>295</td>\n",
       "      <td>678</td>\n",
       "      <td>488</td>\n",
       "      <td>1290</td>\n",
       "      <td>135</td>\n",
       "      <td>313</td>\n",
       "      <td>1366</td>\n",
       "      <td>407</td>\n",
       "      <td>449</td>\n",
       "      <td>567</td>\n",
       "      <td>0</td>\n",
       "      <td>738</td>\n",
       "      <td>686</td>\n",
       "      <td>631</td>\n",
       "      <td>1120</td>\n",
       "      <td>444</td>\n",
       "      <td>489</td>\n",
       "      <td>408</td>\n",
       "      <td>898</td>\n",
       "      <td>930</td>\n",
       "      <td>1782</td>\n",
       "      <td>281</td>\n",
       "    </tr>\n",
       "    <tr>\n",
       "      <th>Sari</th>\n",
       "      <td>1025</td>\n",
       "      <td>521</td>\n",
       "      <td>618</td>\n",
       "      <td>1525</td>\n",
       "      <td>978</td>\n",
       "      <td>437</td>\n",
       "      <td>1280</td>\n",
       "      <td>131</td>\n",
       "      <td>568</td>\n",
       "      <td>918</td>\n",
       "      <td>682</td>\n",
       "      <td>298</td>\n",
       "      <td>1227</td>\n",
       "      <td>747</td>\n",
       "      <td>697</td>\n",
       "      <td>695</td>\n",
       "      <td>399</td>\n",
       "      <td>390</td>\n",
       "      <td>362</td>\n",
       "      <td>738</td>\n",
       "      <td>0</td>\n",
       "      <td>206</td>\n",
       "      <td>783</td>\n",
       "      <td>1155</td>\n",
       "      <td>861</td>\n",
       "      <td>246</td>\n",
       "      <td>1002</td>\n",
       "      <td>993</td>\n",
       "      <td>868</td>\n",
       "      <td>1423</td>\n",
       "      <td>573</td>\n",
       "    </tr>\n",
       "    <tr>\n",
       "      <th>Semnan</th>\n",
       "      <td>920</td>\n",
       "      <td>417</td>\n",
       "      <td>792</td>\n",
       "      <td>1407</td>\n",
       "      <td>914</td>\n",
       "      <td>536</td>\n",
       "      <td>1162</td>\n",
       "      <td>339</td>\n",
       "      <td>516</td>\n",
       "      <td>866</td>\n",
       "      <td>564</td>\n",
       "      <td>266</td>\n",
       "      <td>1109</td>\n",
       "      <td>694</td>\n",
       "      <td>593</td>\n",
       "      <td>680</td>\n",
       "      <td>367</td>\n",
       "      <td>281</td>\n",
       "      <td>546</td>\n",
       "      <td>686</td>\n",
       "      <td>206</td>\n",
       "      <td>0</td>\n",
       "      <td>666</td>\n",
       "      <td>1038</td>\n",
       "      <td>833</td>\n",
       "      <td>222</td>\n",
       "      <td>974</td>\n",
       "      <td>877</td>\n",
       "      <td>751</td>\n",
       "      <td>1360</td>\n",
       "      <td>545</td>\n",
       "    </tr>\n",
       "    <tr>\n",
       "      <th>Shahr-e Kord</th>\n",
       "      <td>464</td>\n",
       "      <td>285</td>\n",
       "      <td>980</td>\n",
       "      <td>967</td>\n",
       "      <td>955</td>\n",
       "      <td>1221</td>\n",
       "      <td>553</td>\n",
       "      <td>915</td>\n",
       "      <td>459</td>\n",
       "      <td>594</td>\n",
       "      <td>103</td>\n",
       "      <td>534</td>\n",
       "      <td>770</td>\n",
       "      <td>520</td>\n",
       "      <td>344</td>\n",
       "      <td>1346</td>\n",
       "      <td>564</td>\n",
       "      <td>383</td>\n",
       "      <td>734</td>\n",
       "      <td>631</td>\n",
       "      <td>783</td>\n",
       "      <td>666</td>\n",
       "      <td>0</td>\n",
       "      <td>435</td>\n",
       "      <td>1001</td>\n",
       "      <td>539</td>\n",
       "      <td>986</td>\n",
       "      <td>267</td>\n",
       "      <td>412</td>\n",
       "      <td>1263</td>\n",
       "      <td>713</td>\n",
       "    </tr>\n",
       "    <tr>\n",
       "      <th>Shiraz</th>\n",
       "      <td>520</td>\n",
       "      <td>754</td>\n",
       "      <td>1357</td>\n",
       "      <td>579</td>\n",
       "      <td>1060</td>\n",
       "      <td>1593</td>\n",
       "      <td>287</td>\n",
       "      <td>1288</td>\n",
       "      <td>948</td>\n",
       "      <td>948</td>\n",
       "      <td>477</td>\n",
       "      <td>933</td>\n",
       "      <td>569</td>\n",
       "      <td>1008</td>\n",
       "      <td>832</td>\n",
       "      <td>1353</td>\n",
       "      <td>941</td>\n",
       "      <td>773</td>\n",
       "      <td>1111</td>\n",
       "      <td>1120</td>\n",
       "      <td>1155</td>\n",
       "      <td>1038</td>\n",
       "      <td>435</td>\n",
       "      <td>0</td>\n",
       "      <td>1378</td>\n",
       "      <td>913</td>\n",
       "      <td>1519</td>\n",
       "      <td>174</td>\n",
       "      <td>441</td>\n",
       "      <td>1063</td>\n",
       "      <td>1090</td>\n",
       "    </tr>\n",
       "    <tr>\n",
       "      <th>Tabriz</th>\n",
       "      <td>1150</td>\n",
       "      <td>748</td>\n",
       "      <td>217</td>\n",
       "      <td>1808</td>\n",
       "      <td>1747</td>\n",
       "      <td>1299</td>\n",
       "      <td>1497</td>\n",
       "      <td>994</td>\n",
       "      <td>597</td>\n",
       "      <td>738</td>\n",
       "      <td>899</td>\n",
       "      <td>568</td>\n",
       "      <td>1510</td>\n",
       "      <td>579</td>\n",
       "      <td>823</td>\n",
       "      <td>1513</td>\n",
       "      <td>469</td>\n",
       "      <td>670</td>\n",
       "      <td>472</td>\n",
       "      <td>444</td>\n",
       "      <td>861</td>\n",
       "      <td>833</td>\n",
       "      <td>1001</td>\n",
       "      <td>1378</td>\n",
       "      <td>0</td>\n",
       "      <td>614</td>\n",
       "      <td>146</td>\n",
       "      <td>1201</td>\n",
       "      <td>1143</td>\n",
       "      <td>1995</td>\n",
       "      <td>297</td>\n",
       "    </tr>\n",
       "    <tr>\n",
       "      <th>Tehran</th>\n",
       "      <td>780</td>\n",
       "      <td>276</td>\n",
       "      <td>573</td>\n",
       "      <td>1280</td>\n",
       "      <td>1136</td>\n",
       "      <td>687</td>\n",
       "      <td>1035</td>\n",
       "      <td>381</td>\n",
       "      <td>319</td>\n",
       "      <td>670</td>\n",
       "      <td>437</td>\n",
       "      <td>47</td>\n",
       "      <td>982</td>\n",
       "      <td>498</td>\n",
       "      <td>452</td>\n",
       "      <td>902</td>\n",
       "      <td>148</td>\n",
       "      <td>145</td>\n",
       "      <td>327</td>\n",
       "      <td>489</td>\n",
       "      <td>246</td>\n",
       "      <td>222</td>\n",
       "      <td>539</td>\n",
       "      <td>913</td>\n",
       "      <td>614</td>\n",
       "      <td>0</td>\n",
       "      <td>753</td>\n",
       "      <td>748</td>\n",
       "      <td>623</td>\n",
       "      <td>1474</td>\n",
       "      <td>324</td>\n",
       "    </tr>\n",
       "    <tr>\n",
       "      <th>Urmia</th>\n",
       "      <td>1050</td>\n",
       "      <td>716</td>\n",
       "      <td>357</td>\n",
       "      <td>1949</td>\n",
       "      <td>1888</td>\n",
       "      <td>1440</td>\n",
       "      <td>1492</td>\n",
       "      <td>1135</td>\n",
       "      <td>530</td>\n",
       "      <td>702</td>\n",
       "      <td>1040</td>\n",
       "      <td>709</td>\n",
       "      <td>1651</td>\n",
       "      <td>542</td>\n",
       "      <td>721</td>\n",
       "      <td>1654</td>\n",
       "      <td>610</td>\n",
       "      <td>810</td>\n",
       "      <td>613</td>\n",
       "      <td>408</td>\n",
       "      <td>1002</td>\n",
       "      <td>974</td>\n",
       "      <td>986</td>\n",
       "      <td>1519</td>\n",
       "      <td>146</td>\n",
       "      <td>753</td>\n",
       "      <td>0</td>\n",
       "      <td>1340</td>\n",
       "      <td>1282</td>\n",
       "      <td>2134</td>\n",
       "      <td>435</td>\n",
       "    </tr>\n",
       "    <tr>\n",
       "      <th>Yasuj</th>\n",
       "      <td>416</td>\n",
       "      <td>558</td>\n",
       "      <td>1191</td>\n",
       "      <td>751</td>\n",
       "      <td>1002</td>\n",
       "      <td>1431</td>\n",
       "      <td>292</td>\n",
       "      <td>1126</td>\n",
       "      <td>726</td>\n",
       "      <td>845</td>\n",
       "      <td>313</td>\n",
       "      <td>745</td>\n",
       "      <td>719</td>\n",
       "      <td>786</td>\n",
       "      <td>610</td>\n",
       "      <td>1295</td>\n",
       "      <td>774</td>\n",
       "      <td>593</td>\n",
       "      <td>945</td>\n",
       "      <td>898</td>\n",
       "      <td>993</td>\n",
       "      <td>877</td>\n",
       "      <td>267</td>\n",
       "      <td>174</td>\n",
       "      <td>1201</td>\n",
       "      <td>748</td>\n",
       "      <td>1340</td>\n",
       "      <td>0</td>\n",
       "      <td>380</td>\n",
       "      <td>1215</td>\n",
       "      <td>924</td>\n",
       "    </tr>\n",
       "    <tr>\n",
       "      <th>Yazd</th>\n",
       "      <td>805</td>\n",
       "      <td>616</td>\n",
       "      <td>1160</td>\n",
       "      <td>659</td>\n",
       "      <td>630</td>\n",
       "      <td>983</td>\n",
       "      <td>723</td>\n",
       "      <td>1000</td>\n",
       "      <td>760</td>\n",
       "      <td>940</td>\n",
       "      <td>311</td>\n",
       "      <td>645</td>\n",
       "      <td>361</td>\n",
       "      <td>865</td>\n",
       "      <td>689</td>\n",
       "      <td>923</td>\n",
       "      <td>735</td>\n",
       "      <td>486</td>\n",
       "      <td>914</td>\n",
       "      <td>930</td>\n",
       "      <td>868</td>\n",
       "      <td>751</td>\n",
       "      <td>412</td>\n",
       "      <td>441</td>\n",
       "      <td>1143</td>\n",
       "      <td>623</td>\n",
       "      <td>1282</td>\n",
       "      <td>380</td>\n",
       "      <td>0</td>\n",
       "      <td>852</td>\n",
       "      <td>864</td>\n",
       "    </tr>\n",
       "    <tr>\n",
       "      <th>Zahedan</th>\n",
       "      <td>1581</td>\n",
       "      <td>1467</td>\n",
       "      <td>2011</td>\n",
       "      <td>719</td>\n",
       "      <td>450</td>\n",
       "      <td>1206</td>\n",
       "      <td>1348</td>\n",
       "      <td>1378</td>\n",
       "      <td>1612</td>\n",
       "      <td>1791</td>\n",
       "      <td>1163</td>\n",
       "      <td>1497</td>\n",
       "      <td>507</td>\n",
       "      <td>1717</td>\n",
       "      <td>1541</td>\n",
       "      <td>949</td>\n",
       "      <td>1586</td>\n",
       "      <td>1338</td>\n",
       "      <td>1765</td>\n",
       "      <td>1782</td>\n",
       "      <td>1423</td>\n",
       "      <td>1360</td>\n",
       "      <td>1263</td>\n",
       "      <td>1063</td>\n",
       "      <td>1995</td>\n",
       "      <td>1474</td>\n",
       "      <td>2134</td>\n",
       "      <td>1215</td>\n",
       "      <td>852</td>\n",
       "      <td>0</td>\n",
       "      <td>1719</td>\n",
       "    </tr>\n",
       "    <tr>\n",
       "      <th>Zanjan</th>\n",
       "      <td>862</td>\n",
       "      <td>460</td>\n",
       "      <td>262</td>\n",
       "      <td>1520</td>\n",
       "      <td>1459</td>\n",
       "      <td>1011</td>\n",
       "      <td>1209</td>\n",
       "      <td>706</td>\n",
       "      <td>308</td>\n",
       "      <td>575</td>\n",
       "      <td>610</td>\n",
       "      <td>280</td>\n",
       "      <td>1222</td>\n",
       "      <td>415</td>\n",
       "      <td>535</td>\n",
       "      <td>1225</td>\n",
       "      <td>181</td>\n",
       "      <td>381</td>\n",
       "      <td>199</td>\n",
       "      <td>281</td>\n",
       "      <td>573</td>\n",
       "      <td>545</td>\n",
       "      <td>713</td>\n",
       "      <td>1090</td>\n",
       "      <td>297</td>\n",
       "      <td>324</td>\n",
       "      <td>435</td>\n",
       "      <td>924</td>\n",
       "      <td>864</td>\n",
       "      <td>1719</td>\n",
       "      <td>0</td>\n",
       "    </tr>\n",
       "  </tbody>\n",
       "</table>\n",
       "</div>"
      ],
      "text/plain": [
       "              Ahvaz  Arak  Ardabil  Bandar Abbas  Birjand  Bojnord  Bushehr  \\\n",
       "Ahvaz             0   507     1202          1126     1352     1466      446   \n",
       "Arak            507     0      732          1269     1152      963      946   \n",
       "Ardabil        1202   732        0          1813     1592     1060     1476   \n",
       "Bandar Abbas   1126  1269     1813             0     1043     1487      741   \n",
       "Birjand        1352  1152     1592          1043        0      762     1343   \n",
       "Bojnord        1466   963     1060          1487      762        0     1716   \n",
       "Bushehr         446   946     1476           741     1343     1716        0   \n",
       "Gorgan         1159   655      752          1659      934      305     1414   \n",
       "Hamadan         557   189      563          1419     1303     1006      999   \n",
       "Ilam            434   465      916          1598     1484     1359      876   \n",
       "Isfahan         510   327      881           969      855     1119      599   \n",
       "Karaj           787   283      529          1300     1178      730     1032   \n",
       "Kerman         1087   974     1518           488      561     1003      854   \n",
       "Kermanshah      518   293      744          1467     1412     1187      960   \n",
       "Khorramabad     330   177      788          1287     1232     1134      772   \n",
       "Mashhad        1603  1099     1318          1400      504      258     1637   \n",
       "Qazvin          793   313      421          1392     1282      834     1061   \n",
       "Qom             636   133      647          1144     1028      827      880   \n",
       "Rasht           954   484      255          1570     1336      800     1233   \n",
       "Sanandaj        642   360      547          1588     1471     1175     1084   \n",
       "Sari           1025   521      618          1525      978      437     1280   \n",
       "Semnan          920   417      792          1407      914      536     1162   \n",
       "Shahr-e Kord    464   285      980           967      955     1221      553   \n",
       "Shiraz          520   754     1357           579     1060     1593      287   \n",
       "Tabriz         1150   748      217          1808     1747     1299     1497   \n",
       "Tehran          780   276      573          1280     1136      687     1035   \n",
       "Urmia          1050   716      357          1949     1888     1440     1492   \n",
       "Yasuj           416   558     1191           751     1002     1431      292   \n",
       "Yazd            805   616     1160           659      630      983      723   \n",
       "Zahedan        1581  1467     2011           719      450     1206     1348   \n",
       "Zanjan          862   460      262          1520     1459     1011     1209   \n",
       "\n",
       "              Gorgan  Hamadan  Ilam  Isfahan  Karaj  Kerman  Kermanshah  \\\n",
       "Ahvaz           1159      557   434      510    787    1087         518   \n",
       "Arak             655      189   465      327    283     974         293   \n",
       "Ardabil          752      563   916      881    529    1518         744   \n",
       "Bandar Abbas    1659     1419  1598      969   1300     488        1467   \n",
       "Birjand          934     1303  1484      855   1178     561        1412   \n",
       "Bojnord          305     1006  1359     1119    730    1003        1187   \n",
       "Bushehr         1414      999   876      599   1032     854         960   \n",
       "Gorgan             0      701  1054      814    425    1359         882   \n",
       "Hamadan          701        0   360      508    319    1119         188   \n",
       "Ilam            1054      360     0      630    669    1298         168   \n",
       "Isfahan          814      508   630        0    434     669         559   \n",
       "Karaj            425      319   669      434      0    1004         501   \n",
       "Kerman          1359     1119  1298      669   1004       0        1228   \n",
       "Kermanshah       882      188   168      559    501    1228           0   \n",
       "Khorramabad      828      227   252      379    457    1048         189   \n",
       "Mashhad          565     1198  1548     1246    949     915        1377   \n",
       "Qazvin           529      239   589      463    103    1094         417   \n",
       "Qom              522      274   624      301    167     846         453   \n",
       "Rasht            495      400   750      635    280    1272         578   \n",
       "Sanandaj         869      175   295      678    488    1290         135   \n",
       "Sari             131      568   918      682    298    1227         747   \n",
